0 0.042848 0.289137 0.022811 0.057508
2 0.043773 0.351438 0.020962 0.057508
0 0.197904 0.081470 0.028360 0.070288
0 0.249075 0.087859 0.028360 0.070288
2 0.166461 0.134185 0.029593 0.095847
2 0.201295 0.162939 0.028977 0.086262
2 0.251233 0.166933 0.028977 0.084665
2 0.285450 0.148562 0.027127 0.089457
2 0.344020 0.133387 0.029593 0.177316
2 0.458385 0.142971 0.027744 0.167732
2 0.533909 0.151757 0.022195 0.162939
0 0.404439 0.295527 0.019729 0.054313
0 0.537300 0.359425 0.009248 0.025559
0 0.403822 0.348243 0.019729 0.044728
0 0.536375 0.393770 0.008631 0.023962
0 0.549322 0.389776 0.008631 0.025559